mgc_rve_context "halfaddlay" 1000
mgc_rve_layer "METAL1"
mp 30 -20950 5550 -20450 5550 -20450 -11800 -16450 -11800 -16450 -7800 -17450 -7800 -17450 -2750 -12700 -2750 -12700 -5500 -9700 -5500 -9700 -2750 -5150 -2750 -5150 -7700 -6100 -7700 -6100 -11700 -2100 -11700 -2100 -7700 -2150 -7700 -2150 5650 -1600 5650 -1600 18650 -5600 18650 -5600 5650 -5150 5650 -5150 250 -17450 250 -17450 5550 -16950 5550 -16950 18550 -20950 18550
mgc_rve_layer "NSRCDRN"
mp 6 -21950 -12300 -15950 -12300 -15950 -7300 -20950 -7300 -20950 -8300 -21950 -8300
mp 6 -6600 -12200 -600 -12200 -600 -8200 -1600 -8200 -1600 -7200 -6600 -7200
mgc_rve_layer "PSRCDRN"
mr -21950 5050 -16450 19050
mr -6100 5150 -600 19150
mgc_rve_zoom -26.525 -19.039 3.975 25.889 1
