mgc_rve_context "fuladdlay" 1000
mgc_rve_layer "METAL3"
mp 28 -6600 11450 -6450 11450 -6450 -31650 5600 -31650 5600 -49550 4800 -49550 4800 -54550 9800 -54550 9800 -49550 8600 -49550 8600 -35550 53600 -35550 53600 -52400 61950 -52400 61950 -53850 66950 -53850 66950 -48850 61950 -48850 61950 -49400 56600 -49400 56600 -32550 8600 -32550 8600 -28650 -3450 -28650 -3450 11450 -1600 11450 -1600 16450 -6600 16450
mgc_rve_layer "METAL2"
mp 8 -6650 11400 -1650 11400 -1650 11450 -1600 11450 -1600 16450 -6600 16450 -6600 16400 -6650 16400
mp 16 -28900 -54300 -23900 -54300 -23900 -53550 4750 -53550 4750 -54450 4800 -54450 4800 -54550 9800 -54550 9800 -49550 9750 -49550 9750 -49450 4750 -49450 4750 -50550 -23900 -50550 -23900 -49300 -28900 -49300
mr 61950 -53850 66950 -48850
mgc_rve_layer "METAL1"
mr -28900 -54300 -23900 -49300
mp 30 -20950 5550 -20450 5550 -20450 -11800 -16450 -11800 -16450 -7800 -17450 -7800 -17450 -2750 -5150 -2750 -5150 -7700 -6100 -7700 -6100 -11700 -2100 -11700 -2100 -7700 -2150 -7700 -2150 5650 -1600 5650 -1600 18650 -5600 18650 -5600 16400 -6650 16400 -6650 11400 -5600 11400 -5600 5650 -5150 5650 -5150 250 -17450 250 -17450 5550 -16950 5550 -16950 18550 -20950 18550
mp 16 2150 -71200 6150 -71200 6150 -58200 5950 -58200 5950 -54450 9750 -54450 9750 -49450 5950 -49450 5950 -44850 6650 -44850 6650 -40850 2650 -40850 2650 -44850 2950 -44850 2950 -58200 2150 -58200
mr 61950 -53850 66950 -48850
mgc_rve_layer "NPOLY"
mp 8 -28850 -54350 -24200 -54350 -24200 -74100 -22200 -74100 -22200 -37750 -24200 -37750 -24200 -49350 -28850 -49350
mp 8 62050 -53900 66350 -53900 66350 -73950 68350 -73950 68350 -37600 66350 -37600 66350 -48900 62050 -48900
mgc_rve_layer "NSRCDRN"
mp 6 -21950 -12300 -15950 -12300 -15950 -7300 -20950 -7300 -20950 -8300 -21950 -8300
mp 6 -6600 -12200 -600 -12200 -600 -8200 -1600 -8200 -1600 -7200 -6600 -7200
mp 6 1150 -44350 2150 -44350 2150 -45350 7150 -45350 7150 -40350 1150 -40350
mgc_rve_layer "PSRCDRN"
mr -21950 5050 -16450 19050
mr -6100 5150 -600 19150
mr 1150 -71700 6650 -57700
mgc_rve_zoom -49.739 -94.082 89.189 39.132 1
