mgc_rve_context "hamming_lay" 1000
mgc_rve_layer "METAL3"
mp 28 164950 259700 392950 259700 392950 229550 392450 229550 392450 228300 386800 228300 386800 229150 381800 229150 381800 224150 386800 224150 386800 225300 392450 225300 392450 224550 397450 224550 397450 229550 395950 229550 395950 262700 167950 262700 167950 314350 194150 314350 194150 308400 193050 308400 193050 303400 198050 303400 198050 308400 197150 308400 197150 317350 164950 317350
mp 66 192750 205300 193800 205300 193800 183000 392150 183000 392150 142250 386850 142250 386850 143200 381850 143200 381850 138200 386850 138200 386850 139250 395150 139250 395150 143200 413300 143200 413300 108400 423800 108400 423800 106200 428800 106200 428800 111200 425250 111200 425250 111400 416300 111400 416300 143200 440950 143200 440950 142150 445950 142150 445950 142950 462950 142950 462950 193950 446100 193950 446100 199300 446650 199300 446650 204300 441650 204300 441650 199300 443100 199300 443100 190950 459950 190950 459950 145950 445950 145950 445950 147150 440950 147150 440950 146200 416300 146200 416300 169600 445100 169600 445100 177500 446250 177500 446250 182500 445100 182500 445100 182550 442100 182550 442100 182500 441250 182500 441250 177500 442100 177500 442100 172600 413300 172600 413300 146200 395150 146200 395150 186000 196800 186000 196800 205300 197750 205300 197750 210300 192750 210300
mgc_rve_layer "METAL2"
mp 8 192700 205350 192750 205350 192750 205300 197750 205300 197750 210300 197700 210300 197700 210350 192700 210350
mp 8 193050 303400 198050 303400 198050 303450 198150 303450 198150 308450 193150 308450 193150 308400 193050 308400
mr 381750 224150 386800 229150
mp 8 381850 138200 386850 138200 386850 138250 386950 138250 386950 143250 381950 143250 381950 143200 381850 143200
mp 32 392450 224550 397450 224550 397450 225300 401550 225300 401550 159000 416000 159000 416000 158100 418200 158100 418200 140100 415950 140100 415950 135100 418200 135100 418200 108400 423800 108400 423800 106200 428800 106200 428800 106250 428900 106250 428900 111250 425500 111250 425500 111400 421200 111400 421200 161450 421000 161450 421000 163100 416000 163100 416000 162000 404550 162000 404550 228300 397450 228300 397450 229550 392450 229550
mr 441250 177500 446250 182500
mr 441650 199300 446650 204300
mp 16 440950 142150 441050 142150 441050 142100 442800 142100 442800 113450 441200 113450 441200 108450 446200 108450 446200 113450 445800 113450 445800 142100 446050 142100 446050 147100 445950 147100 445950 147150 440950 147150
mgc_rve_layer "METAL1"
mp 24 177800 225300 181800 225300 181800 225800 193750 225800 193750 218800 193500 218800 193500 210350 192700 210350 192700 205350 197700 205350 197700 210350 197500 210350 197500 218800 196750 218800 196750 236200 197000 236200 197000 240200 193000 240200 193000 236200 193750 236200 193750 228800 181800 228800 181800 229300 177800 229300
mp 24 178100 284550 182100 284550 182100 285050 194050 285050 194050 277650 193300 277650 193300 273650 197300 273650 197300 277650 197050 277650 197050 295050 197800 295050 197800 303450 198150 303450 198150 308450 193150 308450 193150 303450 193800 303450 193800 295050 194050 295050 194050 288050 182100 288050 182100 288550 178100 288550
mr 381750 224150 386750 229150
mp 8 381650 138800 381950 138800 381950 138250 386950 138250 386950 143250 381950 143250 381950 142800 381650 142800
mr 415950 135100 420950 140100
mr 416000 158100 421000 163100
mp 8 423900 106250 428900 106250 428900 108150 437400 108150 437400 112150 424400 112150 424400 111250 423900 111250
mr 441200 108450 446200 113450
mr 441250 177500 446250 182500
mr 441650 199300 446650 204300
mp 16 424300 139500 437300 139500 437300 140300 450650 140300 450650 140000 454650 140000 454650 144000 450650 144000 450650 143300 446050 143300 446050 147100 441050 147100 441050 143300 437300 143300 437300 143500 424300 143500
mgc_rve_layer "NPOLY"
mp 8 176250 202800 178250 202800 178250 224800 182300 224800 182300 229800 178250 229800 178250 243200 176250 243200
mp 8 176550 270650 178550 270650 178550 284050 182600 284050 182600 289050 178550 289050 178550 311050 176550 311050
mp 8 380200 124550 382200 124550 382200 138300 386150 138300 386150 143300 382200 143300 382200 164950 380200 164950
mp 8 380400 202500 382400 202500 382400 224150 386350 224150 386350 229150 382400 229150 382400 242900 380400 242900
mp 8 415900 135000 420900 135000 420900 136500 440300 136500 440300 138500 420900 138500 420900 140000 415900 140000
mp 8 415950 158000 420950 158000 420950 159500 457750 159500 457750 161500 420950 161500 420950 163000 415950 163000
mp 8 421400 113150 441150 113150 441150 108500 446150 108500 446150 113150 457750 113150 457750 115150 421400 115150
mp 8 421450 181650 441250 181650 441250 177500 446250 177500 446250 181650 457800 181650 457800 183650 421450 183650
mp 8 421550 203700 441600 203700 441600 199400 446600 199400 446600 203700 457900 203700 457900 205700 421550 205700
mgc_rve_layer "NSRCDRN"
mp 6 192500 235700 197500 235700 197500 236700 198500 236700 198500 240700 192500 240700
mp 6 192800 273150 198800 273150 198800 277150 197800 277150 197800 278150 192800 278150
mp 6 450150 139500 451150 139500 451150 138500 455150 138500 455150 144500 450150 144500
mgc_rve_layer "PSRCDRN"
mr 193000 205300 198500 219300
mr 193300 294550 198800 308550
mr 423800 138500 437800 144000
mr 423900 107650 437900 113150
mgc_rve_zoom 101.093 60.954 526.807 362.596 1
